Melhor elemento da geração 1
--- W1
[[ 0.07122487  0.00563501  0.18490334  0.1375887   0.15604711  0.21941469
   0.11324101  0.00571987  0.12331453  0.05774009  0.1847305   0.05589868
   0.04734227  0.12619492]
 [ 0.27336579  0.00093004  0.23064229  0.09568167  0.22150749  0.00329677
   0.08693864  0.04234763  0.16905091  0.00848094  0.21054845  0.10790618
   0.03875822  0.22411261]
 [ 0.26529194  0.09521938  0.18618962  0.21705297  0.25930599 -0.06772725
   0.10885155  0.17631146  0.15654931  0.05231257  0.03059822  0.11451964
   0.0501993  -0.05512757]
 [-0.00090408  0.27298521  0.24853708  0.07971997  0.02207848  0.11050726
   0.0557088   0.22804202 -0.00426452  0.22142712  0.0968625  -0.01781476
   0.057683    0.07711112]
 [ 0.10226656  0.15653507  0.07908114  0.11721801  0.02212842  0.19421708
   0.04995986  0.22068818  0.21988077  0.07298802  0.30049253  0.2307864
   0.04795262  0.26550308]
 [ 0.20128971  0.15934771  0.03075222  0.05517253 -0.01582023  0.13862214
   0.12361013 -0.00961121  0.08097282  0.16645869  0.07350651  0.16498283
  -0.04970592  0.13391394]
 [-0.00959246 -0.03140272  0.10793051  0.07564906  0.13450329 -0.06892815
   0.10720346  0.16516964  0.04720048  0.06277796  0.16751582  0.18994222
   0.152846    0.14477216]
 [ 0.14945826  0.15353122  0.08038342  0.23444858  0.06602765  0.07683697
   0.03960519  0.19469444  0.12489961  0.20531061  0.12157028  0.10384592
   0.11574604 -0.00487019]
 [ 0.10388931  0.06498979 -0.00902733  0.23667604  0.02827772  0.09747342
   0.10726034  0.08066138  0.28547063  0.23747596  0.22828233  0.1848804
   0.14286105  0.19374446]
 [ 0.04703358  0.12943977  0.1142708   0.17891043  0.09317735  0.08738022
   0.19189722  0.19689761  0.15418496 -0.00667786  0.0680391   0.10992498
   0.10697306  0.21483363]
 [ 0.09678025  0.11395185  0.19478255  0.08598415  0.21036474  0.12678893
   0.11455134  0.1943186   0.16023307  0.19275511  0.12887782  0.08742128
   0.02049226 -0.03303666]
 [ 0.00627121  0.21653908  0.0416824   0.19950594  0.08693886  0.24515168
   0.03510617  0.19648236  0.07212866  0.06276459  0.0623564   0.08212769
   0.04691637  0.21534834]
 [ 0.26882769  0.06712885  0.22266613 -0.00790628  0.05091743  0.09996318
   0.13594809  0.00489037 -0.0478373   0.08001601  0.22081964  0.16736096
   0.17510622  0.06376162]
 [-0.00275159  0.09214105  0.04299456  0.23129818  0.15269029  0.12585498
   0.04030677  0.19081427  0.25454378  0.06565088 -0.01485496  0.10417647
  -0.0098996   0.12743161]
 [ 0.0454092   0.09806181  0.08767256 -0.06190363 -0.01582237  0.13472768
   0.1848167   0.08450879  0.15519484  0.06187675  0.28723226  0.10161309
   0.15297079  0.18037997]
 [ 0.23568265  0.23017474  0.06916777  0.02578333  0.04651114  0.0442997
   0.20147395  0.10816767  0.06300564  0.02474949  0.09182746  0.05473033
   0.21477484  0.12658932]
 [ 0.13583266 -0.03035123  0.26832238  0.15716223  0.13259677  0.1968706
   0.24752713  0.13725477  0.15112277  0.2136272   0.11477254  0.0851066
   0.16323164  0.11717111]
 [-0.03582335  0.14470469  0.2651836   0.11036783  0.1026545   0.17155663
   0.25545431  0.24128949  0.11975435  0.15052533  0.15538799  0.18580302
  -0.04675013  0.19416723]
 [ 0.18465412  0.14179877 -0.01658139 -0.03346866 -0.04168493  0.12724099
   0.08413618  0.22034065  0.13198182  0.2689235   0.10568049  0.16269012
   0.02800614  0.05596198]
 [ 0.1105089  -0.03981018  0.07360734  0.03448354  0.09090136  0.09534008
   0.13795326  0.03628694  0.05517324 -0.01629158  0.07214033  0.20882006
   0.03582341  0.0651014 ]]

 --- W2
[[ 0.02533325  0.03823561  0.04443729  0.06392295  0.05173261  0.02723701
   0.02389404  0.03591974 -0.00624196  0.06212646  0.06061119  0.06081841
   0.06583905  0.03997283 -0.02174396  0.04082215  0.08655107  0.04768893
   0.07358364  0.04684751  0.01519737]
 [-0.00402906  0.02144834  0.03523874  0.04455659 -0.02346796  0.03776436
   0.0268321   0.04623239  0.0385008   0.03537962  0.01166212 -0.01261659
   0.07974365  0.02495747  0.05978352  0.09092286  0.03202588  0.08595932
   0.03366347  0.03282786 -0.01970538]
 [-0.00595059  0.09537465  0.03724284 -0.01989315  0.04779757  0.12091572
  -0.00174816  0.02838313  0.0749355   0.0145859   0.07305943  0.07222197
   0.01420144  0.08547541  0.04393501  0.03221175  0.08809636  0.03101199
  -0.00048568  0.07402726  0.05483459]
 [ 0.00310981  0.00048063  0.05371545  0.0046883   0.08213732  0.03959407
   0.0661932   0.12154697  0.05465146  0.03811985  0.06489813  0.03059508
   0.05669713  0.06630744  0.01107073  0.03025694  0.03936754  0.01213342
  -0.00838868  0.08219587  0.04608212]
 [-0.02046507  0.05122103 -0.00459882  0.00815762 -0.00634821  0.03309104
   0.00692938  0.07343001  0.00239478  0.07614421 -0.00947507  0.04707016
   0.01448307  0.0799887   0.04551566  0.08624321  0.02947986  0.02990371
  -0.02004891  0.05661296  0.05974975]]


Melhor elemento da geração 2
--- W1
[[ 1.40657743e-01 -9.23782465e-02  1.83321141e-01  9.29542087e-02
   2.45256978e-01  2.19376891e-01  2.24278864e-01 -9.34271149e-02
   2.30869284e-01  1.99664210e-02  1.39688956e-01 -1.26983010e-02
   7.88445833e-04  7.26075899e-02]
 [ 3.36582961e-01  1.08029108e-01  1.59411254e-01  3.71417412e-02
   2.84596774e-01  1.09144966e-01 -1.92509618e-02 -5.23923234e-02
   2.69260954e-01  7.43194525e-03  1.51821344e-01  1.03223070e-01
   8.77431258e-03  3.34723705e-01]
 [ 3.49856770e-01  1.19191205e-01  9.84418391e-02  2.70889357e-01
   3.41800953e-01 -3.32119460e-02  5.94170977e-02  9.16495330e-02
   1.72937704e-01  3.19437814e-02 -3.46947094e-02  1.62119306e-01
   6.01278628e-02 -9.99293126e-02]
 [ 1.02936735e-02  2.76252375e-01  1.44975442e-01  1.29473582e-01
  -2.50683742e-02  1.12658628e-01  8.32947322e-02  2.92158105e-01
  -1.02009014e-01  1.61238422e-01  5.34733849e-02 -1.31019260e-02
   1.61015037e-01  1.07815023e-01]
 [ 1.88024547e-01  1.77452044e-01  1.53795292e-01  2.11000303e-01
   1.01781948e-01  2.66683999e-01 -3.56280461e-02  2.25316962e-01
   1.31826024e-01 -2.91461984e-02  3.34557547e-01  3.41156900e-01
   1.55430113e-01  2.70831308e-01]
 [ 2.59203087e-01  1.99185970e-01  7.53525109e-02 -4.87771317e-02
  -5.97104376e-02  1.55121643e-01  1.34857941e-02 -4.71058351e-02
   6.74257489e-02  1.44188081e-01  9.10409492e-02  2.63409927e-01
   3.57297004e-02  1.65070320e-01]
 [ 8.05888027e-02  7.68439784e-02  3.04454882e-02  1.37286624e-01
   3.06289168e-02 -1.43094971e-01  2.06034495e-02  7.29953988e-02
   1.20985433e-01 -3.47550383e-02  2.49498700e-01  2.98952241e-01
   9.11157381e-02  1.50585741e-01]
 [ 1.03600845e-01  2.26160289e-01  1.68136026e-02  2.28109762e-01
   2.65665424e-03  1.11462595e-01  1.05488431e-01  2.91899631e-01
   1.57720167e-01  1.56264263e-01  1.17995718e-01  1.85320601e-01
   1.71357569e-01  1.60971618e-04]
 [ 9.30726424e-02  8.01378539e-02  3.08797822e-02  2.84748845e-01
  -2.88232327e-02  1.32939156e-01  2.84613591e-02  1.24272952e-02
   1.93082931e-01  3.19268692e-01  2.88563084e-01  2.61432017e-01
   8.82111579e-02  2.59659540e-01]
 [-2.09485797e-02  2.21654165e-01  9.47684972e-02  2.00051042e-01
   1.78863320e-01  1.49133402e-01  2.81727039e-01  2.33503725e-01
   2.09534577e-01  1.74135853e-03  5.66567122e-02  1.19666266e-01
   1.18800572e-02  1.65991847e-01]
 [ 6.54764185e-03  1.79655976e-01  2.20555216e-01  4.51661730e-02
   3.14995055e-01  1.57183785e-01  3.00024017e-02  2.39051874e-01
   2.61838864e-01  9.57349565e-02  7.07849749e-02 -2.63473517e-03
  -4.05542572e-02 -9.54025286e-02]
 [ 1.12611412e-01  2.51540546e-01  1.31120923e-01  1.97922291e-01
  -8.70896469e-04  1.75376157e-01  1.45238140e-02  1.36557299e-01
   1.20068102e-01  1.61265986e-01  1.02675783e-01 -2.48431928e-02
   7.19343960e-02  1.83777863e-01]
 [ 2.84697602e-01  9.57840859e-02  2.80902341e-01 -2.67843433e-02
   1.36160025e-01  5.81974318e-02  1.30364704e-01 -1.69163514e-02
  -7.69803740e-02  1.24913784e-01  1.83709257e-01  2.47869563e-01
   7.57324301e-02 -2.70965591e-02]
 [-1.00337470e-02  1.66008871e-01  1.36377590e-01  1.22203525e-01
   1.30686641e-01  2.25345749e-01 -1.01153321e-02  2.24925854e-01
   2.05199665e-01  4.86201584e-02 -1.24765454e-01  2.12170347e-01
   4.31135771e-02  9.35032793e-02]
 [ 1.49932516e-01  6.71029875e-02  1.90158715e-01 -8.19253576e-03
   4.24802648e-02  8.52564855e-02  1.67697715e-01  1.28088362e-01
   7.96090347e-02  1.87131819e-02  2.41881099e-01  1.00961841e-02
   9.34294250e-02  8.23010054e-02]
 [ 1.29364245e-01  2.47592610e-01  1.75135177e-01 -5.19481358e-02
   3.46432388e-02  4.74747853e-02  9.07506093e-02  1.70683080e-01
  -4.19586269e-02 -6.70931378e-02 -9.01280303e-03  4.63835687e-02
   1.35228795e-01  6.83103051e-02]
 [ 1.47754586e-01  7.70083458e-04  3.44132703e-01  7.13039601e-02
   1.35761732e-01  2.50428092e-01  3.36883317e-01  4.60766575e-02
   1.61625543e-01  1.58420938e-01  9.14018206e-02  1.30748904e-01
   1.46738264e-01  1.38432876e-01]
 [-1.40063695e-01  6.80665618e-02  3.40801045e-01  1.34075432e-01
   8.21513088e-02  2.66011748e-01  2.10439236e-01  2.25767727e-01
   2.24247773e-01  1.01772873e-01  2.43269360e-01  1.70609878e-01
  -1.39586453e-02  2.78442653e-01]
 [ 1.16929317e-01  1.06979831e-01 -9.43419908e-02  3.76169916e-02
  -2.13551653e-03  6.00955402e-02  3.72561016e-02  2.50113591e-01
   1.35525374e-01  3.73544087e-01  1.28231856e-02  1.12194822e-01
   5.23218706e-02  1.08817167e-01]
 [ 5.02907698e-03  5.64763058e-02  1.26087482e-01  3.31451363e-02
   7.44989218e-02  4.38187422e-02  1.68478398e-01  1.57002644e-02
   2.12114317e-02  3.38022027e-02  2.06508480e-02  2.38116457e-01
  -1.35712323e-02  1.30937987e-01]]

 --- W2
[[ 2.80584400e-02  5.86054943e-03  1.31257979e-02  8.19744749e-02
   7.19009462e-02  1.34916686e-02  1.21020824e-02  2.23581411e-02
  -4.60070926e-02  9.74613874e-02  6.02696441e-02  7.56826473e-02
   5.52301714e-02  3.15256541e-02  3.69758995e-04  1.07405826e-02
   6.84456172e-02  8.89519652e-02  6.27157269e-02  3.02933427e-02
   1.95736653e-02]
 [-1.37227405e-02  2.68865091e-02  7.50403923e-02  6.03216661e-02
  -3.95155145e-02  3.04240903e-03  1.45580114e-02  2.82176260e-03
   6.92375074e-02  6.76746653e-02 -1.72125361e-02 -5.10132043e-02
   1.24991030e-01 -1.76588423e-02  7.76249433e-02  9.14755127e-02
   1.37864092e-02  1.04759389e-01  4.02345053e-05  4.56237803e-03
   8.12749056e-03]
 [ 1.94038326e-02  8.24492220e-02  2.94338308e-02 -5.88319426e-02
   4.87935102e-02  1.04732707e-01 -4.71754246e-02  3.57077447e-02
   3.11752999e-02  3.02860292e-02  3.73952481e-02  7.26099309e-02
   5.81920981e-02  7.53927702e-02  6.52374348e-02  4.63589199e-02
   1.12337097e-01  2.65476436e-02  2.64261436e-02  9.91918654e-02
   9.67287357e-02]
 [-1.86673991e-02  3.03142199e-02  4.18466354e-02  2.51581221e-02
   8.23091400e-02  9.87986190e-03  5.73631262e-02  1.42628047e-01
   8.18648887e-02  4.26057662e-02  5.70106223e-02  2.32675024e-02
   1.52427730e-02  7.13274030e-02  4.19421306e-02  1.08804384e-02
   1.89881212e-02 -2.23734610e-02  1.14998178e-02  1.07814412e-01
   5.57640226e-02]
 [-3.00257631e-03  8.41604218e-02  9.19088999e-03  3.83746428e-02
   5.53203078e-03  4.76180590e-02 -1.94698092e-02  5.00605235e-02
  -2.37062140e-02  3.66508636e-02 -7.27269677e-03  1.16010972e-02
   2.26036506e-02  9.09545349e-02  2.25844673e-02  1.10413815e-01
   4.17602601e-02 -1.41579909e-02 -1.45274726e-02  3.40692551e-02
   1.50160951e-02]]


Melhor elemento da geração 3
--- W1
[[ 0.09215696 -0.09169921 -0.04326385  0.2030238   0.23586665  0.19731983
   0.00988249  0.05053949  0.21255965  0.12682869  0.08924796  0.01213632
  -0.05014184 -0.02918682]
 [ 0.22094826  0.04833424  0.04768185  0.06745814  0.13477489 -0.08243961
   0.06505631 -0.02321279  0.03329661 -0.0469669   0.19854992  0.07106042
   0.16907228  0.22714452]
 [ 0.12174438  0.24188595  0.20710285  0.02424071  0.14006281  0.01575548
   0.19615579  0.02522657  0.02466079  0.08438553  0.08637663  0.21753796
  -0.01288516  0.13198507]
 [ 0.06344453  0.1424742   0.26275912 -0.02276613  0.04361305  0.06725647
  -0.16743687  0.18150717  0.12190254  0.36009638  0.1522633   0.14251649
   0.11085914  0.22718336]
 [-0.15042409  0.13972149 -0.02298006  0.11197785  0.00907534  0.17009059
   0.09467212  0.23980115  0.19872398  0.03476499  0.25771789  0.13561122
   0.06195776  0.22368297]
 [ 0.24162764  0.08476507  0.0024048   0.15765018  0.09181466  0.05465152
   0.18051511  0.02970343  0.13695313  0.02043819  0.20085679  0.09901707
   0.04250641  0.08669781]
 [-0.00482653  0.02073324  0.17426127  0.12705351  0.1301603  -0.00334086
  -0.0313424   0.1103306   0.15381848  0.10351142  0.17607253  0.13195308
   0.12009966  0.08779703]
 [-0.0229481   0.10594484  0.09497494  0.10768162  0.0178278  -0.008255
   0.14294293  0.13073508  0.08420348  0.11007804  0.21999763  0.15781297
   0.04679765  0.04191452]
 [ 0.04354946  0.21011427 -0.00207261  0.22951038  0.10410808  0.11535013
   0.04597011  0.10554649  0.3334603   0.06041249  0.07203212  0.18038614
   0.27116355  0.12297853]
 [ 0.01672428 -0.10934598  0.1123527   0.2140509   0.07540299  0.17236398
   0.19566047  0.13617804  0.1479274   0.02482504  0.04379311  0.16166791
   0.08661091  0.14773808]
 [-0.00776393  0.2810493   0.04227441  0.15744279  0.25682669  0.23252073
   0.06330909  0.21772015  0.09825549  0.11415434  0.29406587 -0.03856284
   0.14376119  0.01222182]
 [ 0.10506721  0.30732491  0.01211543  0.08117811  0.19894373  0.13567974
   0.10188119  0.23036468  0.12876424  0.00277655  0.2011059   0.00292539
  -0.06303791  0.24551654]
 [ 0.17992066  0.08510668  0.08676169 -0.06064557  0.14568464  0.09497237
   0.10494279  0.12227492 -0.00202712  0.17237075  0.24758622  0.27610614
   0.22348363  0.08665064]
 [ 0.12326588 -0.14883501  0.21839634  0.11140539  0.25362773  0.16210804
   0.09225336  0.00452162  0.34787949  0.11810144  0.22302062 -0.06040939
   0.05223642  0.30803458]
 [ 0.12209808  0.06058018 -0.03847857  0.1056601   0.04562364  0.16186826
   0.16068656  0.09449536  0.10786153  0.16292418  0.31683003  0.09992716
   0.09188772  0.06800709]
 [ 0.1362917   0.21153277  0.24946136  0.03540951  0.0621027   0.20516931
   0.09773283  0.1419773   0.18669735  0.03195074  0.00880709  0.05161579
   0.25226033  0.11756693]
 [ 0.24673598 -0.03867119  0.18852458  0.07605457  0.08643601  0.18919771
   0.21557321  0.21777034  0.06422356  0.16207479  0.08397242  0.05931922
   0.05000968  0.06719164]
 [-0.00488443  0.21752266  0.32217937  0.04704752  0.00736788  0.2120113
   0.2333176   0.05094699  0.34264808  0.13755538  0.16433992  0.05438236
   0.06296389  0.32320895]
 [ 0.11453835  0.09116483 -0.14770048  0.11138754  0.01197429  0.0734635
   0.11309713  0.18611705  0.0989659   0.17060419  0.1030076   0.19784767
   0.03103457  0.1708331 ]
 [ 0.2469466  -0.14999544  0.04781812  0.02607362 -0.06644497 -0.04624244
   0.23046477 -0.04942224 -0.00096384 -0.04197819  0.08342391 -0.03328928
  -0.04866011 -0.15590866]]

 --- W2
[[ 0.05061666 -0.00524441  0.02751104  0.04114668  0.11117272  0.06410675
   0.06555216  0.01071495  0.00750067  0.03538338  0.09179264 -0.02298418
   0.06328893  0.00788105 -0.0157577   0.12857889  0.13804781  0.03554057
   0.03553312  0.00244355  0.00435014]
 [-0.0268665  -0.0104582   0.11490519  0.04173111 -0.02418039  0.06244336
   0.07409213  0.0351538   0.00118989  0.10624172  0.05868073 -0.01473345
   0.11185134  0.03508626  0.03578998  0.05686625  0.00106861  0.03324417
  -0.01337271  0.02733295  0.04213097]
 [-0.01069347  0.14545591  0.06177382  0.07458675  0.03587634  0.0959597
   0.02817266  0.07490138  0.11379735  0.01831192 -0.02289007  0.04316019
   0.03026349  0.08711816  0.03777766  0.05037407  0.08845521  0.05854811
  -0.00686976  0.06909965 -0.01564122]
 [-0.0215932  -0.02209338  0.03690995  0.0130244   0.06175767  0.07324071
   0.03053622  0.08639822  0.01222162  0.0292764   0.09177025  0.0757399
   0.03675392  0.04560311 -0.05278946  0.0508409   0.0138414   0.01076375
   0.04367175  0.04624313  0.05258955]
 [-0.0145214   0.05204799  0.03828602  0.02411884  0.03452719  0.06182758
   0.03815631  0.04386913  0.0523738   0.11355787  0.01903328 -0.02347275
   0.0369791   0.11274875  0.05224141  0.01191756  0.01580698  0.02549711
   0.03491844 -0.01028974  0.0339791 ]]


Melhor elemento da geração 4
--- W1
[[ 9.57034628e-02 -4.85231238e-02  1.85991815e-01  1.67357620e-01
   1.17026687e-01  2.20043075e-01  1.49984852e-01 -1.38775280e-01
   2.54465943e-02  8.04526661e-02  9.81230046e-02  4.51677439e-02
   4.28607129e-02  1.62527388e-01]
 [ 2.96893941e-01  7.57192613e-02  1.88966962e-01 -6.85549813e-02
   1.72515840e-01  9.61556433e-02  4.59545539e-02  8.10136928e-02
   8.48073641e-02 -1.08719009e-01  1.38402834e-01  7.93201251e-02
  -4.46073665e-02  1.49564976e-01]
 [ 2.35846045e-01  1.05785185e-03  2.88396170e-01  1.87067641e-01
   2.13638664e-01 -1.29863414e-01  1.16305304e-01  9.34042517e-02
   1.47748755e-01  3.99093156e-02  7.57246728e-02  8.80182848e-02
  -8.08902347e-02  4.61281718e-02]
 [-8.50826521e-02  2.31722717e-01  1.59022669e-01  2.33411782e-02
  -6.31795265e-02  5.64003072e-02  1.25739503e-01  3.00309311e-01
  -4.35336741e-02  2.59649243e-01 -9.88500774e-03 -9.48103088e-02
   5.96476349e-02 -1.08337070e-01]
 [ 6.08835696e-02  2.15301830e-01  7.56539800e-02  5.08703923e-02
  -4.45722373e-03  1.05969258e-01  7.69539809e-02  1.67225381e-01
   2.21259115e-01 -3.06654318e-02  2.35515944e-01  2.70466494e-01
   3.20212171e-02  1.75495186e-01]
 [ 1.30251167e-01  1.53367613e-01 -7.97163277e-02  8.53320691e-02
  -1.29398738e-01  1.38550800e-01  3.04021834e-02 -1.77252471e-01
   3.88097959e-02  2.25078255e-01 -3.12168241e-02  6.57143664e-02
  -1.14358833e-01  1.09988632e-01]
 [ 7.41598764e-02 -1.25042420e-01 -3.52483007e-02  2.53891352e-02
   1.31974684e-01 -2.98249579e-04  3.01700563e-02  1.80223349e-02
   6.17412555e-02  1.06053261e-01  1.57637975e-01  2.29732310e-01
   1.26092060e-01  7.69910164e-02]
 [ 1.91113077e-01  1.26216310e-01 -1.01088173e-02  2.55973627e-01
  -5.71504222e-02  5.72574219e-02  8.83066838e-02  1.08628068e-01
   8.87753579e-02  8.31593935e-02  1.55175762e-01  2.32860508e-02
  -1.58004894e-02  1.97829606e-02]
 [ 1.14672784e-01 -4.40580637e-02  3.01546590e-02  1.69787808e-01
  -6.70822583e-02  2.54916249e-02 -5.44498119e-02  9.66960909e-02
   2.09200349e-01  8.72592635e-02  2.73270354e-01  1.76652814e-01
   1.02786094e-01  2.69690258e-01]
 [-3.45509889e-02  4.56524737e-02  1.85446358e-01  9.18730163e-02
   5.90222994e-02  9.23822836e-02  1.63240525e-01  7.65319067e-02
   9.72375886e-02 -2.49278325e-02  1.70947415e-01  1.90221351e-01
   6.07751933e-02  3.66371544e-02]
 [ 8.98370664e-02  8.13060288e-02  1.65295253e-01  5.57085209e-03
   1.65834738e-01  1.05284193e-01 -5.32588120e-02  1.94376839e-01
   1.14528747e-01  1.33000931e-01  4.43354163e-02  3.19711689e-02
  -5.46283927e-03  3.30723762e-02]
 [-1.11636146e-01  2.69763944e-01  3.76104294e-02  2.23083633e-01
   6.66689884e-02  2.99180617e-01  4.13400461e-02  2.75763234e-02
   1.93788637e-02 -7.38329765e-02  8.57778061e-02  1.15630863e-02
   6.62079323e-03  2.72371645e-01]
 [ 1.93283649e-01  4.87732457e-02  2.01098764e-01 -7.83894223e-02
  -1.23710103e-01  6.89759022e-02  1.43535415e-01 -6.93306830e-02
  -1.48049979e-02 -2.22486155e-02  8.51548623e-02  2.08443897e-01
   6.58560293e-02  1.10236326e-01]
 [-6.14307921e-02  1.25160731e-01  4.04931533e-02  3.04083055e-01
   5.73257506e-02  3.94588725e-02 -2.97706010e-02  2.08376329e-01
   1.49642983e-01 -4.64988503e-02 -4.33506346e-02  6.23279174e-02
  -1.01592157e-01  1.22980652e-01]
 [ 4.69330633e-02  1.03887390e-01  1.39265050e-01 -7.42851869e-02
  -1.22827369e-01  3.44184285e-02  1.52168804e-01  1.17525867e-01
   1.25282642e-01  5.70309034e-02  3.37058109e-01  3.47437426e-02
   9.60704394e-02  6.30876466e-02]
 [ 1.83932240e-01  3.01521149e-01  3.48251465e-02  2.67642956e-02
  -8.30908945e-02  1.65904003e-02  2.53106642e-01  3.38940984e-02
  -1.78880485e-02 -6.25039930e-02 -9.73585639e-03 -9.52753612e-02
   1.40480067e-01  2.26111517e-01]
 [ 1.24751049e-01 -3.58178462e-02  2.52865043e-01  4.28943888e-02
   1.73069291e-01  9.23095021e-02  1.57238027e-01  1.68321736e-01
   5.85920543e-02  2.20625192e-01  1.66970645e-01  9.10102471e-02
   1.00853511e-02  1.42513483e-01]
 [-6.05092943e-02  2.79102208e-02  9.45371133e-02  1.47070387e-02
   5.88392398e-02  1.27741951e-01  1.30108340e-01  2.55571370e-01
  -1.30690678e-02  5.62086504e-02  8.19833571e-02  2.47474555e-01
  -7.29560305e-02  1.36244246e-01]
 [ 1.15244571e-01  3.47684305e-02 -6.42994484e-02 -8.34048644e-02
  -1.46941067e-01  1.47742817e-01  1.34787055e-01  2.05022956e-01
   1.98995324e-02  2.17466274e-01 -2.71879662e-02  4.46036759e-02
   2.21709068e-02 -4.30355544e-03]
 [ 1.17133222e-01  7.60820171e-03  1.47055339e-02 -2.67552346e-02
   1.15331157e-01  7.63527505e-03  4.71634558e-02 -4.53741773e-02
   7.53683813e-02 -1.72449806e-01  9.40318518e-02  2.80892485e-01
   8.77217085e-02  1.30364482e-01]]

 --- W2
[[ 0.01405129  0.06276377  0.02279301  0.01958948  0.04645328  0.01865422
  -0.0116291   0.00738309 -0.05609029  0.03934365  0.03338202  0.05660194
   0.09695044  0.04746804 -0.05307736  0.00185459  0.10685348  0.0691785
   0.05513401  0.0107801  -0.01265162]
 [-0.0448832  -0.01852683  0.06657439  0.02959809 -0.01561283 -0.0126822
   0.02860134  0.04435945  0.00590546  0.04666143  0.01815984 -0.07871821
   0.04743579  0.03886858  0.07129502  0.07208407 -0.01046439  0.06691772
  -0.01838433  0.07213134 -0.04295986]
 [-0.00610884  0.05118475  0.03295637 -0.01144874  0.02059891  0.07605344
  -0.01798039  0.06360335  0.01636125  0.00489305  0.04358576  0.0505162
  -0.01139327  0.03200295  0.05595132 -0.00851689  0.07372237 -0.00751011
   0.03268274  0.07808815  0.00410133]
 [ 0.03669571 -0.0425203   0.0633577   0.00784624  0.09516635  0.04595003
   0.0877076   0.14105406  0.04276488  0.04147372  0.041289   -0.02109748
   0.02678567  0.09087921  0.01865315 -0.03480572  0.01870495 -0.02659215
  -0.04480116  0.08363558  0.05838959]
 [-0.06402087  0.02918054 -0.04902305  0.03247886  0.03475948  0.06173045
   0.00718828  0.09969307 -0.03242346  0.07184326 -0.0004977   0.0377423
   0.0237796   0.10962623  0.00503925  0.04472127  0.02024206  0.0418142
  -0.01107888  0.04893267  0.0172895 ]]


Melhor elemento da geração 5
--- W1
[[ 6.32553756e-03 -3.53377872e-02 -3.97603193e-02  3.00530210e-01
   2.78227996e-01  1.01052644e-01 -8.79028616e-02 -3.25990761e-02
   3.01572833e-01  2.30668358e-01  7.28320126e-02  1.03777657e-01
  -4.84486090e-02  3.58772509e-02]
 [ 1.69093592e-01 -2.44298149e-02  4.28360446e-03  1.16797544e-01
   1.22735001e-01 -8.60415920e-02  4.87071776e-02 -3.11845585e-02
   5.15902491e-03 -1.27227219e-01  1.86240889e-01  1.43545806e-01
   2.33897520e-01  2.63532292e-01]
 [ 1.71740048e-01  2.38845982e-01  1.67865965e-01 -6.55599137e-02
   4.41650289e-02  2.37484598e-02  2.39479784e-01  8.89610391e-02
  -6.11287979e-02  1.12099859e-01  1.59344618e-01  2.34607576e-01
  -3.28341922e-02  2.04775469e-01]
 [ 7.90473636e-02  8.99314176e-02  3.10900071e-01 -2.28201577e-02
   1.11856233e-01  2.28372730e-02 -2.49638029e-01  2.44718845e-01
   4.71601467e-02  2.81656939e-01  1.35611801e-01  1.60175934e-01
   1.60251917e-01  2.86531036e-01]
 [-5.45525735e-02  9.87210664e-02 -1.26856702e-01  7.91897295e-02
   1.58890124e-02  1.85837833e-01  1.92418728e-01  3.42256726e-01
   2.11834263e-01  9.37786112e-02  2.54337093e-01  1.58354774e-01
  -1.28802738e-02  3.12896826e-01]
 [ 3.26423809e-01  5.76515495e-02 -3.46044435e-02  1.90434537e-01
   1.37368442e-02 -4.35609037e-02  1.01076798e-01  4.99492643e-02
   7.76020332e-02  1.15995981e-02  2.87124236e-01  6.75922570e-02
   1.21339198e-01  9.21487249e-03]
 [-9.58702889e-02 -2.07138028e-02  1.73597118e-01  1.95546115e-01
   1.86594784e-01 -9.34478118e-02  5.29126263e-02  1.99343428e-01
   1.61036238e-01  1.10601710e-01  2.55499808e-01  1.62259703e-01
   1.89983460e-02  3.53406564e-02]
 [ 4.68666416e-02  2.10324855e-01  1.13659133e-01  1.01358477e-01
  -7.26705390e-02  7.05481984e-02  2.08133577e-01  4.18472597e-02
   1.18587469e-02  1.54463342e-02  1.55304245e-01  1.29938630e-01
   1.38324967e-01  1.06546948e-01]
 [ 1.03634182e-01  1.49487900e-01  4.67140371e-02  2.92157056e-01
   3.21803368e-02  5.19125297e-02  2.39821665e-02  1.40802467e-01
   3.58564828e-01  1.72069185e-02  1.36525388e-01  1.60073815e-01
   3.22510587e-01  1.33879845e-01]
 [ 1.85312009e-02 -2.91130921e-02  6.11415499e-02  1.27780801e-01
  -2.35458114e-02  2.54380834e-01  2.38964687e-01  1.28709411e-01
   1.91329659e-01  7.87485666e-02  7.11906588e-02  1.45500465e-01
  -1.77202931e-02  4.97046227e-02]
 [-8.10701755e-02  3.83318213e-01  8.43631614e-02  5.08643409e-02
   2.70070854e-01  2.06148421e-01 -2.69540616e-02  2.75741780e-01
   6.18468001e-02  2.88706336e-02  2.32622287e-01 -8.93373772e-02
   1.49455835e-01  1.93940967e-02]
 [ 1.83915504e-01  2.85623763e-01  1.02265997e-01 -2.99016170e-03
   2.75859154e-01  7.00395928e-02  9.86979798e-02  1.99678074e-01
   1.57650293e-01 -6.43176611e-02  3.03020852e-01 -8.24613753e-02
  -1.37470353e-02  2.03060447e-01]
 [ 1.95524668e-01  6.42771332e-02  8.69887976e-02 -1.42668962e-01
   1.20759617e-01  1.67019213e-01  1.61368101e-01  2.19553933e-01
   6.75645343e-02  1.93223704e-01  2.03246195e-01  2.09247466e-01
   2.24997937e-01  1.83571627e-01]
 [ 2.94958079e-02 -1.05266804e-01  1.25400186e-01  3.18210481e-02
   1.90391553e-01  2.01752655e-01  3.18648531e-03 -5.15461283e-02
   4.44616108e-01  6.07249910e-02  2.11875367e-01 -3.21825101e-02
   7.09372078e-02  3.31504469e-01]
 [ 6.84201485e-02 -9.62728111e-03  5.58940789e-02  1.83331496e-01
   9.90672766e-02  2.30257387e-01  1.67328220e-01  2.53186694e-02
   2.09938114e-01  5.65375430e-02  3.67796932e-01  9.40329456e-02
   1.26285570e-02  1.56005324e-01]
 [ 2.17966961e-01  1.58967858e-01  2.95286982e-01  1.12969282e-01
   4.59088508e-02  2.06246449e-01  1.79248726e-01  9.19285497e-02
   1.44370933e-01  3.08426291e-02  1.88248834e-04  9.70075429e-02
   2.37462335e-01  1.63608305e-01]
 [ 1.54784837e-01 -6.95826304e-04  1.80124139e-01  1.47774226e-01
   1.79911289e-01  1.71003960e-01  1.32704987e-01  1.86920786e-01
  -9.92411219e-03  2.64599923e-01  2.86689252e-02 -3.09464950e-02
  -4.47688313e-02  1.06813521e-01]
 [ 1.10718936e-02  3.03793210e-01  3.58890877e-01 -4.92393578e-02
   4.79958687e-02  1.29160755e-01  2.96423771e-01  3.01528775e-02
   3.43654323e-01  7.44663409e-02  2.56371774e-01  4.96839302e-02
   2.23519184e-02  3.80627913e-01]
 [ 1.30736649e-01  1.04491713e-01 -1.76811370e-01  6.02431062e-02
   1.73206311e-03  1.09905810e-02  6.63926774e-02  1.32963463e-01
   6.23666654e-02  1.51658889e-01  1.73119504e-01  1.76309727e-01
   7.64755181e-02  1.39039534e-01]
 [ 2.47479772e-01 -2.40596090e-01  1.00328526e-01  2.79394018e-02
  -6.84723288e-02  3.08798078e-02  1.62607613e-01  2.80739527e-03
  -9.13556861e-02 -1.15918516e-02  3.73513466e-02 -9.92303986e-02
   8.91379855e-03 -2.29508977e-01]]

 --- W2
[[ 0.03002469  0.02431302  0.00479199  0.05981711  0.08840574  0.0267161
   0.07310685  0.0140596   0.0188293   0.07407101  0.11885696 -0.02552363
   0.07029058  0.0032515  -0.03982422  0.09300936  0.17705567  0.00956048
   0.05048895 -0.02787834  0.01486965]
 [ 0.01139147 -0.01548189  0.10836327  0.08255807 -0.0459186   0.05091195
   0.07860523  0.00921417  0.01689278  0.08255613  0.05384034 -0.03469342
   0.12987948  0.03872848  0.06314729  0.05661716  0.04007933  0.02270287
  -0.0458469   0.01355971  0.08476755]
 [-0.03774884  0.16741378  0.04000378  0.09013684  0.02482403  0.07661233
   0.03669059  0.05197758  0.13604184  0.03462143  0.01176405  0.00362581
   0.02858151  0.09881025 -0.00583863  0.03973972  0.08326494  0.08116531
  -0.02127713  0.05773916 -0.0544289 ]
 [-0.04509823 -0.06017727  0.06954673 -0.01809454  0.08588425  0.08535841
   0.04984922  0.12570078  0.03324665  0.01772152  0.10362654  0.08247667
   0.01748955  0.07993601 -0.0245116   0.09071004 -0.00375191  0.03416418
   0.08409292  0.01055708  0.02916424]
 [-0.00696194  0.04176919  0.01663809  0.06286183  0.04484955  0.03083347
   0.02831775  0.00484033  0.06579532  0.10951243  0.0170095   0.00930504
   0.07812279  0.09742493  0.00940554 -0.02345707 -0.01768466  0.03644876
   0.07421708 -0.00357482  0.00218061]]


Melhor elemento da geração 6
--- W1
[[ 0.00632554 -0.03250566 -0.02981198  0.33104381  0.33183927  0.11555091
  -0.07399114  0.020899    0.31607857  0.26051696  0.11534384  0.10377766
  -0.01356043  0.03650841]
 [ 0.17497282  0.04670466  0.00517311  0.13777636  0.18959262 -0.02365292
   0.05127075  0.02302503  0.00515902 -0.08748988  0.21230169  0.15966646
   0.31139458  0.26353229]
 [ 0.17174005  0.26408877  0.23993308 -0.05769739  0.0643916   0.09054846
   0.32052189  0.10611312 -0.00516313  0.12834463  0.15934462  0.23460758
   0.00832752  0.28137541]
 [ 0.08648133  0.10822145  0.37835994  0.05303467  0.17503901  0.10380501
  -0.24963803  0.29862412  0.05914664  0.28599394  0.21081367  0.19858447
   0.19985147  0.29224557]
 [-0.04593298  0.17380937 -0.11672192  0.1385437   0.01588901  0.23005806
   0.2705101   0.40683142  0.24296956  0.09377861  0.31887104  0.23514598
   0.01092469  0.37262212]
 [ 0.3564601   0.10109004 -0.0136792   0.23869528  0.09426521  0.02564835
   0.15812805  0.10493114  0.10506609  0.0115996   0.32607507  0.13808625
   0.15308599  0.06099206]
 [-0.07959345 -0.0207138   0.20972083  0.27602283  0.26286316 -0.01452622
   0.11284384  0.23834895  0.16103624  0.14455649  0.30181722  0.20766946
   0.07939574  0.07635459]
 [ 0.10264015  0.23130832  0.16234522  0.10135848  0.00527768  0.08925312
   0.22984001  0.09277973  0.03544464  0.07610286  0.15530424  0.16640989
   0.15830002  0.12351829]
 [ 0.13722434  0.20364879  0.0771105   0.33769146  0.03218034  0.11235114
   0.02609727  0.14080247  0.37685554  0.01720692  0.13652539  0.2019891
   0.36294855  0.14817306]
 [ 0.07494801 -0.02911309  0.0708856   0.20349518 -0.02354581  0.29270406
   0.23896469  0.14387873  0.23520439  0.07874857  0.07261644  0.14550046
  -0.0077081   0.0960144 ]
 [-0.08107018  0.45709556  0.11334553  0.10031606  0.34623524  0.20614842
   0.00936293  0.30995942  0.07492449  0.04324421  0.27729453 -0.05779984
   0.15827826  0.08105858]
 [ 0.1839155   0.32468714  0.17726071  0.01131269  0.27673976  0.07003959
   0.16243831  0.22281992  0.15765029 -0.02327243  0.30302085 -0.04791439
   0.01917608  0.20306045]
 [ 0.19552467  0.13692139  0.16739105 -0.13623415  0.13971384  0.17293873
   0.21959762  0.21955393  0.0810748   0.2403851   0.21010803  0.29065182
   0.26270816  0.23273525]
 [ 0.09044725 -0.0951965   0.16492608  0.10214021  0.22563926  0.24193878
   0.02474916  0.00763003  0.48727758  0.06072499  0.29087643  0.01622323
   0.08143465  0.34914223]
 [ 0.1377437   0.04460124  0.12973204  0.190838    0.1079677   0.25704693
   0.16732822  0.09859893  0.22222215  0.05653754  0.40725909  0.16646076
   0.06136039  0.15600532]
 [ 0.27841237  0.20738028  0.29528698  0.16896913  0.10520725  0.27019277
   0.25007629  0.15999848  0.14437093  0.06557008  0.02733137  0.10213693
   0.3002281   0.21147125]
 [ 0.15676146  0.06614654  0.18061213  0.17654365  0.17991129  0.24294249
   0.18807234  0.2438578  -0.00458835  0.26459992  0.09762536 -0.00633584
  -0.03184361  0.12885774]
 [ 0.05095876  0.32444915  0.41273885 -0.04123011  0.06702936  0.15937409
   0.29642377  0.07579557  0.3883248   0.11797854  0.29258376  0.06017356
   0.08097368  0.40787717]
 [ 0.19053677  0.11053117 -0.1502957   0.13335134  0.05986567  0.03341138
   0.13863345  0.20977072  0.13320663  0.15165889  0.22688209  0.2407054
   0.15251242  0.21297346]
 [ 0.24747977 -0.23303849  0.17032036  0.08448062 -0.06847233  0.10809806
   0.21893304  0.02474006 -0.09135569  0.00453229  0.08475372 -0.07569284
   0.02386274 -0.15610734]]

 --- W2
[[ 0.00377352  0.00673439 -0.00039117  0.05981711  0.0612935   0.0267161
   0.07310685  0.00065846 -0.00367418  0.04609714  0.08541964 -0.03628715
   0.04112356 -0.01633857 -0.03982654  0.07721523  0.14885888  0.00956048
   0.05007891 -0.05075118  0.01486965]
 [-0.01216199 -0.01548189  0.08503659  0.07734835 -0.06569356  0.03471412
   0.05561574 -0.01221246 -0.00203444  0.08255613  0.03710478 -0.03469342
   0.11270524  0.03100676  0.03453686  0.04795237  0.01083485  0.02270287
  -0.0458469   0.0022492   0.08476755]
 [-0.0667951   0.14440869  0.01905646  0.05753339  0.02482403  0.07661233
   0.0264302   0.03154878  0.13598507  0.00677162 -0.01219118 -0.01315081
   0.02850117  0.09881025 -0.02613013  0.02365465  0.061687    0.07924645
  -0.02504767  0.05320518 -0.07934451]
 [-0.067799   -0.08871879  0.06941149 -0.04404053  0.07955204  0.06208508
   0.02341282  0.12034508  0.03317671  0.01575138  0.08911848  0.06794386
  -0.00638374  0.06642193 -0.05763693  0.06141559 -0.03320966  0.03333844
   0.08409292  0.01055708  0.01557598]
 [-0.03362951  0.04176919  0.01434107  0.04787132  0.04233592  0.03062526
   0.0100666   0.00484033  0.03280731  0.10951243  0.01556765  0.00930504
   0.06446776  0.07850603  0.00940554 -0.02417079 -0.01768466  0.01456294
   0.07421708 -0.0133251  -0.02509266]]


Melhor elemento da geração 7
--- W1
[[ 0.10719119 -0.08421635  0.18787106  0.23783791  0.10096959  0.26219915
  -0.08689163 -0.22995799  0.19678935  0.02420455 -0.00078632 -0.22607222
   0.03794975 -0.05003654]
 [ 0.13329554  0.08767654  0.32134742 -0.10615818  0.13439702 -0.0920418
  -0.01889617 -0.10387576  0.30959115 -0.12670542  0.11046156  0.07464537
  -0.03351003  0.11635951]
 [ 0.05914743 -0.03118379  0.33102412  0.13684711  0.52655431 -0.13214328
   0.11832049 -0.03634772  0.07835419 -0.14728261  0.00367824  0.159581
   0.17318924  0.13840659]
 [-0.01568468  0.01323924  0.2822737   0.09023026  0.01982979  0.09968958
  -0.00234641  0.3562391   0.10238777 -0.1553434   0.18091499 -0.09153269
  -0.16916327  0.05921686]
 [-0.08475019  0.14960831  0.05779478  0.15753169 -0.13558646  0.12100265
  -0.11809997  0.02750762  0.1859042  -0.05633518  0.29145836  0.33721009
   0.00231037  0.25956218]
 [ 0.0076017   0.29589512  0.07510053  0.01993948 -0.12340043  0.14825975
   0.1710991   0.19854656  0.1690341   0.17916832 -0.01000565  0.09696256
  -0.1937652  -0.02610996]
 [-0.14093053 -0.17689075  0.05011765  0.06800544  0.11051805 -0.29491143
   0.20057581  0.07174906 -0.08884649 -0.0176092   0.25468062  0.26322455
   0.00167164  0.28525867]
 [-0.05042651 -0.09608186  0.10046912  0.03772425 -0.19544009 -0.06369088
   0.10076915  0.21130672  0.09157875  0.14781158  0.23927062  0.1763496
   0.12929343 -0.00264408]
 [-0.12844361 -0.08161779 -0.14545349  0.21926438 -0.16613524  0.26780361
   0.05791303  0.30409751  0.30598461  0.11207946  0.30676597  0.35949781
  -0.04775603  0.18934563]
 [ 0.11906398  0.04403983  0.13189258  0.21635593  0.04219885 -0.00975436
   0.25027641  0.22473545  0.06884837 -0.08473691  0.14385344  0.23370497
   0.00788456  0.25705511]
 [ 0.03891639  0.05765505  0.05108103 -0.11494564  0.15985563  0.29118499
   0.26053739  0.11714404  0.23848385  0.03738549  0.04048647 -0.06614867
  -0.12919503  0.03692967]
 [-0.0865999   0.37214661 -0.13436789  0.15349402 -0.04499936  0.1608747
   0.32405845  0.15149756 -0.05243476 -0.02816118 -0.0176037   0.13345277
  -0.00856066  0.25625277]
 [ 0.23793712  0.00434971  0.22985857  0.1288635  -0.10389092  0.01292679
   0.25852029 -0.24371301 -0.12035843  0.31042707  0.07729702  0.11515228
   0.16182846 -0.12921909]
 [-0.1611579   0.09159238  0.03725851  0.11538191  0.16179257  0.07874473
  -0.15948465  0.17648553  0.03775329 -0.01421399 -0.10909591  0.04356624
  -0.13562977 -0.04014836]
 [-0.26099402  0.27878844  0.13609825 -0.04021482 -0.03090908  0.28406819
   0.25354182  0.22079239 -0.03323137  0.07491307  0.15809434  0.02416126
   0.18846356  0.12277916]
 [ 0.31719389  0.32105023  0.01214656  0.22840908 -0.00876901  0.04487956
   0.34452798 -0.11605617 -0.15175847  0.10631545  0.12658979  0.12823658
   0.3108889   0.11544059]
 [ 0.00858888 -0.15282077  0.40221296  0.13757361  0.10429794  0.14730988
   0.12716075  0.17841446  0.39368459  0.19678238  0.13084859 -0.02737352
   0.14000681 -0.05797657]
 [ 0.04206708  0.18200028  0.06070228  0.10352574  0.21697717  0.03400734
   0.02539423  0.2085971   0.24365547  0.18708187  0.16963611  0.26922545
   0.07698708  0.08921741]
 [ 0.02303476  0.00934045  0.19877629 -0.05892254 -0.07763148  0.16736338
  -0.02323797  0.26534043  0.03164012  0.31106937 -0.14078484  0.01644625
  -0.05276188 -0.13432025]
 [-0.03536573 -0.11918035  0.14868009  0.0514935   0.02599409 -0.15802773
   0.07895722  0.14726575  0.00316186 -0.22077742  0.07838566  0.09380401
  -0.14061444  0.17924765]]

 --- W2
[[ 0.00625138 -0.00620939  0.04580094  0.15267247 -0.00880978  0.01606311
   0.06620992  0.03954716 -0.00919641 -0.00186097 -0.04189851  0.03176318
  -0.01811668  0.0061934  -0.09241839  0.09038071  0.1009471   0.05685983
   0.12171159  0.03044291 -0.03417406]
 [ 0.00238915 -0.00272238  0.00644772 -0.04854142  0.03236477 -0.02369982
   0.11355574  0.13526219  0.11699074  0.04242096 -0.00231108 -0.09253004
  -0.03844908  0.04550283  0.07455619  0.12989512  0.04507005  0.02240297
  -0.06618314  0.05413107  0.00572541]
 [ 0.04772134  0.04803613  0.05369218 -0.10604192  0.0250474   0.0448586
  -0.04315487  0.07227849  0.04405054 -0.01598883  0.04969088 -0.02635041
  -0.01910372  0.02917897 -0.00703512  0.00621718  0.04317699  0.05354227
   0.0621275   0.17996758  0.03193428]
 [ 0.07269986 -0.10809469  0.06459921 -0.10500653  0.01165929 -0.02436611
   0.0331164   0.15788831  0.02575233 -0.00556528  0.02102252  0.04872142
   0.05941381  0.03299087  0.05050675 -0.04502206  0.07795047 -0.01552635
  -0.03844147  0.08310901  0.07990138]
 [-0.00203592  0.03787512 -0.04843336 -0.00591277  0.01618673  0.07178287
   0.02451803 -0.01897861 -0.11823638  0.04669823 -0.01151123 -0.03601378
  -0.01262587  0.12626086  0.05126089  0.11564104 -0.00117935 -0.04376899
   0.05370083  0.13721103  0.02282798]]


Melhor elemento da geração 8
--- W1
[[ 0.12003255 -0.05869619  0.17525455  0.27907701  0.09856108  0.3348852
  -0.07222204 -0.26100667  0.1867764  -0.05940572  0.0033001  -0.2479779
   0.11159442 -0.11912767]
 [ 0.20177426  0.03978324  0.26427913 -0.12183152  0.1538212  -0.09673846
  -0.10145347 -0.05347189  0.36956341 -0.21740538  0.06187008  0.0472235
  -0.08683624  0.03005062]
 [ 0.12690062 -0.04656771  0.37131647  0.2174587   0.46551691 -0.23001519
   0.05810944  0.03544765  0.14218927 -0.09135117  0.03278459  0.12651485
   0.26289697  0.06464645]
 [ 0.05590705  0.07239886  0.29171852 -0.00591932 -0.03198382  0.17925795
   0.08988195  0.27930824  0.01560617 -0.19715452  0.12887502 -0.06613113
  -0.21196083  0.04002952]
 [-0.10468557  0.23454462 -0.03078878  0.15226217 -0.09170543  0.1137662
  -0.05169364 -0.03407708  0.20119268 -0.09343488  0.2316057   0.36429486
   0.03855382  0.35122997]
 [ 0.04110703  0.32787254  0.13412305 -0.02950678 -0.11595817  0.05328375
   0.11454453  0.29458995  0.08177741  0.13470678 -0.09572096  0.04259344
  -0.22747085  0.06347965]
 [-0.19244539 -0.26972681 -0.03446805  0.09058568  0.20829738 -0.2132972
   0.2036143   0.00656806 -0.02499254 -0.04777924  0.27844267  0.28973277
   0.03786367  0.22076509]
 [ 0.00844584 -0.11447193  0.11534906  0.03145885 -0.22503951 -0.0129966
   0.11635972  0.27455005  0.13049238  0.17975023  0.25935125  0.10485204
   0.0323989  -0.09476695]
 [-0.15722732 -0.17039129 -0.05218685  0.18971663 -0.19249429  0.20552883
   0.06928357  0.24530395  0.28508466  0.17518333  0.35620356  0.36017035
   0.00519879  0.20586294]
 [ 0.10855595 -0.0478949   0.20780625  0.12394664 -0.01110676 -0.0946892
   0.28272712  0.14816494 -0.02046611 -0.02690376  0.18992265  0.27915116
  -0.00929665  0.34336206]
 [ 0.08827067 -0.02482762 -0.03337514 -0.12197617  0.07943349  0.33749136
   0.30937042  0.02541254  0.29821513  0.07790306 -0.0288218  -0.12792301
  -0.11951762 -0.04861969]
 [-0.1376942   0.33117059 -0.08868131  0.20473403 -0.01005598  0.214726
   0.364996    0.0573743  -0.03369242  0.06412295 -0.06102548  0.08802175
   0.04045603  0.33934199]
 [ 0.23954409  0.02467499  0.1994922   0.09667355 -0.06489722 -0.06707759
   0.26368741 -0.32206069 -0.21008203  0.29410692  0.05757137  0.19226481
   0.24435377 -0.17098364]
 [-0.06520253  0.03135138  0.00674768  0.09461109  0.18233843  0.15000516
  -0.22911638  0.19907157 -0.00361975  0.03076649 -0.03892031  0.07389509
  -0.06538898 -0.10365135]
 [-0.24158564  0.24153066  0.08590609 -0.08572467 -0.0414848   0.3749921
   0.27553248  0.16562714 -0.12719775  0.10243602  0.11109109 -0.06872878
   0.2003952   0.09189832]
 [ 0.24047421  0.26690703 -0.0797442   0.29422837 -0.04860594  0.1154476
   0.28569224 -0.15747147 -0.13760183  0.05746083  0.10214412  0.03473181
   0.25485612  0.04964061]
 [-0.01692549 -0.1006381   0.36307276  0.11972579  0.15717475  0.06052069
   0.06829086  0.09716624  0.48046278  0.28783302  0.13013555 -0.01578856
   0.1929943   0.0106483 ]
 [-0.05176202  0.11363686  0.10200136  0.11743203  0.22066757  0.04419779
   0.07990558  0.14707387  0.21076437  0.26907114  0.24775718  0.28889632
   0.06033219  0.14281575]
 [ 0.08983902  0.02206404  0.29385407  0.00347603 -0.16343331  0.19329827
  -0.04932411  0.19807997  0.06075304  0.3674465  -0.13661241  0.00784964
  -0.12301586 -0.04289068]
 [-0.113662   -0.12020705  0.21142683 -0.04297424 -0.04525958 -0.17763455
   0.11538167  0.24544732 -0.07630788 -0.12308293  0.09770319  0.00728405
  -0.21708003  0.15171299]]

 --- W2
[[ 0.01596967 -0.03308795  0.06100534  0.1570312  -0.04193626  0.03440937
   0.0989889   0.02114329  0.0123477  -0.00081312 -0.07871342  0.04681839
  -0.00475289 -0.0202388  -0.11636831  0.09790488  0.09377451  0.03418458
   0.08564742  0.0439889  -0.06282824]
 [ 0.0016715   0.02397708  0.02191904 -0.07369907  0.0584237   0.01266635
   0.09217087  0.12627071  0.09975067  0.07143836 -0.00740503 -0.10663638
  -0.01074158  0.046357    0.11177305  0.09815039  0.05728097  0.04459269
  -0.10504263  0.08127762  0.01789516]
 [ 0.03326021  0.05429474  0.04469502 -0.11416042  0.05070091  0.00786158
  -0.01569944  0.0915969   0.05302314  0.01010261  0.08322898  0.00601051
  -0.00496435  0.05705233  0.00355387 -0.01980058  0.01947616  0.05940315
   0.05637152  0.14935722  0.04223595]
 [ 0.06325047 -0.11471108  0.04802503 -0.12308561  0.03670613 -0.0402294
   0.0434176   0.13006258 -0.00845485 -0.04262367  0.04901394  0.07128578
   0.04114425  0.04224594  0.05746873 -0.03104829  0.08049382 -0.03536757
  -0.04259483  0.09248866  0.1173105 ]
 [ 0.0072485   0.00838665 -0.05302177  0.0281768   0.02330868  0.08410821
   0.00289832 -0.05344271 -0.11385628  0.02636943 -0.03255879 -0.02319104
  -0.03281065  0.10295944  0.04636622  0.10027826  0.01318798 -0.0611501
   0.04372623  0.16462932  0.01065106]]


Melhor elemento da geração 9
--- W1
[[ 0.09886629 -0.10953901  0.02901061  0.23208483  0.40817299  0.14242493
  -0.153541    0.12913676  0.36733312  0.22973734  0.07341398  0.19079624
  -0.01262867  0.01003296]
 [ 0.1957132   0.03879698 -0.01291407  0.08446309  0.23662019  0.0054173
   0.07371729  0.01559512  0.12161762 -0.03573553  0.20848692  0.10486323
   0.34391556  0.31321317]
 [ 0.27136988  0.20412012  0.31873749 -0.09032902  0.21539039  0.14639424
   0.3510688   0.0516455  -0.05261428  0.14065158  0.28715521  0.22246093
  -0.00887624  0.29152396]
 [-0.01327303  0.10916986  0.46339674  0.12501853  0.15440146  0.23596925
  -0.20732379  0.26638409  0.09535263  0.28003651  0.24144144  0.34618005
   0.24105819  0.35288524]
 [ 0.02548334  0.24543891 -0.03525218  0.21668415 -0.05294702  0.20629958
   0.34510768  0.36297956  0.32663911  0.18100875  0.35504952  0.28646753
  -0.03060635  0.36533074]
 [ 0.31253159  0.12651064 -0.06311169  0.25792033  0.13675766  0.16553626
   0.13094867  0.03099909  0.23276449  0.00865515  0.29003637  0.22573553
   0.12989192  0.07265469]
 [ 0.00831663  0.09790723  0.14892928  0.32506367  0.24111949  0.04878553
   0.03690681  0.30433794  0.28497947  0.22466769  0.22394106  0.18103754
   0.03577001  0.11771682]
 [ 0.25880174  0.34958879  0.13929347  0.21008305  0.08895965  0.20534431
   0.28676489  0.1074008   0.01946596  0.02362331  0.21864276  0.07868459
   0.26414575  0.17692673]
 [ 0.24793277  0.20065357  0.09558797  0.35868926 -0.04607143  0.14165644
   0.00224607  0.14834195  0.34573008  0.07686191  0.16592617  0.19851424
   0.30979395  0.10252688]
 [ 0.11966996  0.06018128  0.14697396  0.20553941  0.09067456  0.42175249
   0.31388597  0.06925379  0.22377056  0.20515595  0.08671709  0.28369754
  -0.01648786  0.06151684]
 [-0.00572285  0.53529339  0.09673512  0.20608446  0.48848021  0.20606366
  -0.0029875   0.44645215  0.11003393  0.09846392  0.32931397 -0.07887208
   0.13300856  0.02973754]
 [ 0.1887352   0.25075271  0.24218819  0.13396031  0.25504271  0.12397187
   0.22553799  0.15525462  0.26372208  0.07485786  0.32364469  0.10482741
  -0.04734646  0.23067327]
 [ 0.21165981  0.10980482  0.1124201  -0.11610218  0.09470637  0.31434044
   0.30724941  0.34565292  0.05830684  0.33659917  0.30258239  0.26557916
   0.32834223  0.1853003 ]
 [ 0.06372239 -0.10530374  0.25389805  0.16616173  0.33193628  0.35642641
  -0.03023816  0.0746275   0.5689455   0.07226184  0.30065805  0.09219014
   0.08816819  0.34030975]
 [ 0.07651752  0.02159483  0.21817757  0.12858694  0.17344448  0.20515715
   0.12925939  0.17739363  0.31659646  0.04196641  0.52717496  0.24744582
   0.18459519  0.30440849]
 [ 0.33037212  0.1211565   0.28113142  0.13659604  0.14121049  0.2938972
   0.28663647  0.17575391  0.16207103  0.20986801 -0.00525605  0.19823724
   0.21927937  0.25706475]
 [ 0.17761237  0.08463721  0.15707377  0.23899101  0.23504652  0.33811282
   0.2672431   0.30813497 -0.00564474  0.36466049  0.17316732 -0.00800623
   0.0414299   0.24480412]
 [ 0.00942943  0.36000418  0.39404662 -0.03956562  0.13843924  0.21532421
   0.37338832  0.10743453  0.42991675  0.18549139  0.28666168  0.13305041
   0.02797209  0.38682116]
 [ 0.23757076  0.15298591 -0.12844727  0.20800593  0.00059222  0.01441151
   0.20498622  0.29633682  0.21579959  0.12535264  0.26625655  0.37822033
   0.16821953  0.22606926]
 [ 0.34240341 -0.29008491  0.23930483  0.16759052 -0.05045996  0.0721628
   0.29199753  0.14731283 -0.05734579 -0.0674209   0.18616871 -0.12664116
   0.18254215 -0.00434167]]

 --- W2
[[-0.02554376 -0.01873434 -0.03312752  0.07322704  0.0635024   0.01606013
   0.0553716  -0.05413651 -0.04736398  0.06120757  0.09533453 -0.03199826
   0.0529473   0.01358609 -0.07794786  0.0651932   0.18130183 -0.02082908
   0.05399611 -0.06267392  0.02086205]
 [-0.04288067 -0.0171236   0.09763892  0.0680784  -0.10311625  0.06932039
   0.03967831 -0.00427542 -0.00936841  0.06843671  0.05320546 -0.05114133
   0.13954736  0.00921564  0.03456036  0.06643386  0.03732927  0.01152157
  -0.03881938  0.00559109  0.10094064]
 [-0.08829583  0.15702025  0.00323278  0.08574965  0.00723806  0.06044263
   0.02072512  0.03140497  0.16779979 -0.05657542 -0.04562476 -0.07746775
   0.04041943  0.04800787 -0.06023085  0.01730341  0.02635173  0.04191151
  -0.01329155  0.04835444 -0.10107699]
 [-0.10154334 -0.07573955  0.06522617 -0.0305384   0.11765141  0.01838183
   0.00169904  0.10607344  0.0334629  -0.01246724  0.06297845  0.02425097
  -0.0516079   0.02562871 -0.07214572  0.02662402 -0.0030296   0.0224388
   0.04334916 -0.01575984  0.03043705]
 [-0.03312045  0.00650227 -0.00617236 -0.0127282   0.02899739 -0.01211952
  -0.00406674  0.03181973  0.01442951  0.11229458 -0.01510302  0.0228695
   0.09747641  0.08999754 -0.02199094 -0.06103068 -0.03188731  0.016148
   0.10010705  0.01560161 -0.05464935]]


Melhor elemento da geração 10
--- W1
[[-0.02194095 -0.07019996  0.05384343  0.18237311  0.03103942  0.330208
   0.0702059  -0.37013817  0.03551717 -0.09653302  0.04811815 -0.27041598
   0.036417    0.01411366]
 [ 0.15528854 -0.08452212  0.23377494 -0.15671369  0.08297695 -0.11125476
  -0.00902942 -0.29050413  0.23423978  0.05859658  0.1505227   0.08045704
   0.06750265  0.04618961]
 [-0.00254369  0.07456598  0.30574873  0.047391    0.47413693 -0.01010276
   0.00427108 -0.042307    0.10365785 -0.04534775 -0.19355379  0.11932607
   0.30706579  0.00637235]
 [-0.18207731 -0.13552159  0.13986754 -0.04668126  0.01877717  0.05651686
   0.01449031  0.54781564  0.1969023  -0.08669623  0.09398104 -0.03098205
  -0.26069721  0.15417464]
 [ 0.02562847  0.1252874  -0.09733398  0.04301632 -0.22193722 -0.00487816
   0.02364268  0.17459747  0.18473749 -0.28301956  0.30502286  0.15368366
  -0.01847954  0.33052358]
 [ 0.13369919  0.22368053  0.0039473  -0.0296705   0.06744314  0.2180032
   0.01513146  0.1291763  -0.06910267  0.32252038  0.10479196  0.10595847
  -0.26602491 -0.10799457]
 [-0.2091436  -0.05441926  0.18510694  0.18134907 -0.10306589 -0.29610078
   0.16819074  0.07874061 -0.01331414 -0.01642136  0.1960601   0.31299416
   0.12452643  0.13892793]
 [-0.02465928 -0.17312135  0.05865211 -0.14065861 -0.13151345 -0.09051295
  -0.1374281   0.31618632 -0.05146681  0.10054708  0.40561686  0.19385573
  -0.1840089  -0.09223744]
 [-0.14599282  0.06512733 -0.14342135  0.03797929 -0.28126579  0.28011522
   0.06446347  0.23700919  0.18726824  0.19793631  0.30820515  0.3363846
  -0.25266354  0.23428315]
 [-0.02767667  0.00561733  0.11893519  0.03213175 -0.04686015 -0.08202849
   0.2735329   0.12036378  0.02394281 -0.10478319  0.07943122  0.0469991
  -0.09528097 -0.01310361]
 [ 0.09299925  0.07903172  0.00983514 -0.25474581  0.05818024  0.29259771
   0.17151256  0.01894423  0.31520798 -0.05505692 -0.02237988 -0.0812332
  -0.11860284 -0.05770595]
 [-0.07413975  0.26376605 -0.06846603  0.09132978 -0.1047858  -0.01229882
   0.2627777   0.00493994 -0.11442873 -0.12145263  0.12448596  0.1850274
  -0.16347273  0.24397093]
 [ 0.16846957 -0.22077106  0.17066926  0.14385802 -0.07045047 -0.21019594
   0.1431735  -0.18066192 -0.33126228  0.15134425 -0.04751658 -0.00621414
  -0.00953191 -0.07920644]
 [-0.21983538 -0.07957997  0.14751823  0.0584122   0.16231866  0.09521776
  -0.19275285  0.03611148  0.08420133 -0.0862601  -0.31500723  0.03491116
  -0.10163268 -0.11011036]
 [-0.31541774  0.15279739  0.10485921 -0.14678936 -0.09826836  0.14770507
   0.14058828  0.04468719 -0.0752413   0.03240485  0.17362333 -0.08727839
   0.13298516 -0.02465139]
 [ 0.09906016  0.17645606 -0.00867516  0.16934399 -0.01725811 -0.03842379
   0.39095969 -0.10734321 -0.12482861  0.06324774 -0.00480582  0.11128498
   0.25832375  0.11079314]
 [-0.00789158 -0.11813499  0.36508729  0.05224944 -0.03644111  0.08987642
  -0.11344082  0.16911896  0.17425617  0.02556109  0.10969228  0.04836318
   0.10711443 -0.08034464]
 [ 0.18998825  0.22610331  0.14644771 -0.07863788  0.19271984 -0.1197669
  -0.06905149  0.10211838  0.17605039  0.08180266  0.17293418  0.46030832
  -0.12359127  0.14622372]
 [ 0.16335401  0.11385657  0.05585966 -0.06097245 -0.16075213  0.21660097
  -0.08720993  0.28387646  0.13446187  0.21713303 -0.18178902  0.09998783
  -0.07393668 -0.33513171]
 [-0.05559519 -0.11373638  0.10277517 -0.09065719 -0.16540958 -0.16686266
   0.2206288   0.24960917 -0.20035455 -0.24285816 -0.05690813  0.15734902
  -0.0375439   0.1126953 ]]

 --- W2
[[ 4.09397234e-02  2.43262636e-02  1.02559718e-01  6.48905732e-02
   5.28156451e-04  1.39619136e-02 -1.91200104e-02  3.22841850e-02
  -3.85083270e-02  1.18730277e-01 -3.81164220e-02 -4.35848830e-03
  -2.27423644e-02  9.69758005e-02 -3.37349427e-02  8.78645166e-02
   5.44356025e-02  9.46137796e-02  7.63195109e-02  5.30839363e-02
   4.59186804e-02]
 [ 1.02815558e-02  1.20504754e-02 -3.17961431e-03 -4.02938197e-02
  -2.49702412e-02  1.74955884e-02  1.71950417e-01  1.28303249e-01
   2.19527439e-01  3.59369788e-02 -8.37249323e-03 -2.55995911e-03
   3.52760762e-02  4.62609149e-02  1.65698997e-01  9.71535711e-02
  -5.14615648e-03  4.60826659e-02 -5.61016447e-02  2.14733200e-02
  -6.00518112e-02]
 [ 6.72017094e-02  7.99784708e-02  9.60251423e-02 -7.72409789e-02
  -3.06313071e-02  8.50742912e-02 -5.02006336e-02  6.87793484e-02
   1.31726557e-01  2.15423339e-02  1.12793498e-01 -1.64610462e-02
   4.27645298e-02  3.45912683e-02  1.10171210e-01  4.08190033e-02
   1.05451899e-01  4.64609755e-02  4.95384807e-02  1.36998274e-01
   1.32846658e-01]
 [ 9.92322054e-02 -1.42878206e-01  9.00378555e-02 -8.86996546e-02
   3.14760336e-02  2.36693478e-02  8.18769533e-02  2.25251887e-01
  -5.18164044e-03  5.35979094e-02  3.20252237e-02  8.72649736e-02
   3.46396564e-02 -1.95490519e-04  7.43803861e-03 -8.65185240e-02
   8.39752955e-02 -5.42728334e-03  2.57998040e-02  1.71632225e-01
   1.28506944e-01]
 [ 4.67781394e-02  9.82688367e-02 -3.33174244e-02  9.18763907e-03
  -2.59876741e-02  7.40576310e-02 -3.72843593e-03  7.05017782e-02
  -1.75261011e-02  9.71159521e-02  3.19201821e-02  1.04334648e-02
   5.02040334e-02  6.60296807e-02  1.66002014e-02  1.02894251e-01
  -4.19408108e-02 -5.27426398e-02 -5.57198158e-02  1.03750767e-01
   1.88702171e-02]]


Melhor elemento da geração 11
--- W1
[[ 0.07710431 -0.04138489 -0.06426893  0.31615642  0.28881313  0.12201663
   0.14923164  0.08889872  0.03082527  0.06470117  0.12857307 -0.05646081
  -0.11799803  0.15577904]
 [ 0.16394191  0.18206626  0.36696806  0.29617244  0.18404563  0.11925339
  -0.02592202  0.09396206  0.22163698  0.20059049  0.06248564  0.04871233
   0.06415357  0.09358045]
 [ 0.05994499  0.10756494  0.01271931  0.14823452  0.15343933 -0.06030276
   0.10758141 -0.06855534  0.19610165  0.23070677  0.16491085  0.21106556
  -0.06391611 -0.00802592]
 [ 0.09346816 -0.03713671  0.23932535  0.03193061 -0.01290749 -0.02117075
   0.08057729  0.16169412  0.10532455  0.04196448  0.20735542  0.06034744
   0.00897131  0.05543811]
 [ 0.03415804  0.14858441 -0.06264199  0.21145395 -0.10341365 -0.0315067
  -0.00099509  0.15369775  0.05081166  0.31491909  0.07886702  0.07104482
   0.12543603  0.05622056]
 [ 0.16109611  0.11698927  0.28943278  0.13066257  0.08226013  0.17810691
   0.07396299  0.03783336  0.12259886  0.04178405  0.17836825 -0.07217342
   0.07515532  0.15620609]
 [ 0.14631045  0.05320398  0.08232222  0.17891224  0.03430186 -0.01252435
  -0.00948419  0.21219151  0.10667349  0.17050861  0.05980054  0.1929098
  -0.05018595  0.14464658]
 [ 0.05998768  0.09296492  0.07002102 -0.03315249  0.08821563  0.0384996
   0.05181099 -0.0549559  -0.05665994  0.24314833  0.01758729  0.12465647
   0.08106638  0.04794778]
 [ 0.02910915  0.08441398  0.22757747 -0.00144677  0.01614009  0.21488067
   0.19223897  0.19488873 -0.02849839  0.18865478 -0.02686613  0.22007681
   0.04267257  0.23613546]
 [ 0.06031443  0.18114598  0.12228708  0.16336239  0.25307261  0.00215397
   0.02721025  0.02246531  0.06717193  0.1470239   0.05127962 -0.08163197
   0.11609655  0.12806716]
 [ 0.24057418  0.12098864  0.1317581   0.06673964  0.27172574  0.12109015
   0.19890991  0.15095189  0.09868263  0.20747815 -0.01725709  0.18919179
   0.05357928 -0.11163818]
 [-0.03711714  0.15642419  0.13985843  0.14614733  0.0514859   0.24831952
  -0.06030667  0.25989073  0.01832136  0.13423753  0.05474483  0.11619514
   0.15663095  0.09506511]
 [ 0.04179229  0.12549739  0.13826937  0.17631259 -0.10597791  0.25388942
   0.15085968 -0.04303198  0.04254054 -0.06028188  0.18237135 -0.0066541
   0.00909876  0.32727499]
 [-0.02583196  0.15328218 -0.04870242  0.03401082  0.08461672  0.27540681
   0.03650874  0.1891893   0.15076649  0.19793607  0.07761395  0.0965682
   0.09533522  0.18374715]
 [ 0.00804413 -0.02762685  0.14012444  0.15615749  0.25087062  0.0745471
   0.22857153  0.24278179  0.23220463  0.09449199  0.08487756  0.08292385
   0.07340357  0.23089708]
 [ 0.10881093  0.19175999  0.03875744  0.08473095  0.1484417   0.20345923
   0.21389292  0.27929957  0.20657681  0.14006941  0.09949557 -0.00477047
  -0.06742414  0.12144798]
 [ 0.04538862  0.02859338  0.2298281   0.29345157  0.17272966  0.00953233
  -0.08791138  0.02038855  0.08852203  0.09705263  0.07385568  0.00235377
   0.0490956  -0.03644651]
 [ 0.13236231  0.18419471  0.14683769  0.05504548  0.17684001  0.19113136
   0.07055744  0.10577868  0.14239713 -0.03618861  0.23154728  0.18271919
   0.07835813  0.10425274]
 [-0.07050864  0.13865362 -0.0633147   0.1465521   0.08140409  0.19608524
   0.02874566 -0.03858871 -0.13866811  0.0644779   0.23076603  0.08386945
   0.29789538  0.10189894]
 [ 0.21294564  0.08013728 -0.1366387   0.07297325  0.24275834 -0.06061852
   0.25628183  0.10193098  0.13958919  0.05179098  0.13606854 -0.11662824
   0.1296326   0.25726163]]

 --- W2
[[ 0.02947418  0.09592184  0.02606453  0.04588814 -0.01474099  0.02174874
   0.08819202  0.09840168  0.04348649  0.05036605 -0.00015305  0.05341069
   0.06622473  0.0402456   0.00577366 -0.00953205  0.08658142  0.07342951
   0.01650171 -0.02579852  0.04604219]
 [ 0.03799184  0.03327127  0.04147363 -0.02914852  0.07569311 -0.01218068
   0.04523472  0.0540617   0.03860302  0.06477369  0.08864128  0.08747632
   0.04826556 -0.00888522  0.0602455   0.06608929  0.06883916  0.05189458
   0.02241364  0.08311053 -0.00265999]
 [ 0.02531455  0.03729245  0.01957349  0.08627663 -0.00821759  0.01408406
   0.07950778  0.05829878  0.11071634  0.01767877  0.08971612  0.09434825
  -0.02928444  0.01316822  0.10493791  0.06242767 -0.04008091  0.03245024
   0.09102484  0.06818368  0.11129243]
 [ 0.07462312  0.03320012 -0.01373587  0.02225144  0.03910679  0.03922098
  -0.04245701  0.06544378  0.03058923  0.02127178  0.07385255  0.06079999
   0.06095466  0.10412236 -0.04888784  0.08743427  0.08441257 -0.05007908
   0.02607966  0.00681051  0.06103522]
 [-0.00781609  0.08357801  0.05937361  0.06375861  0.04885313  0.03394492
  -0.01743247  0.01135155  0.07113094  0.06336941 -0.01396871  0.08884522
   0.11071857  0.05084668  0.06092325  0.1058536  -0.00950265  0.13973755
   0.13761453  0.06403703  0.02260174]]


Melhor elemento da geração 12
--- W1
[[ 1.61088031e-01 -1.00700782e-01 -9.94293408e-02  3.65614306e-01
   2.00612053e-01  1.91023912e-01  6.78216065e-02  9.17516539e-02
   6.45971151e-02  1.60748641e-02  7.64918013e-02 -6.80369202e-02
  -1.90794779e-01  1.26512249e-01]
 [ 1.04539810e-01  1.79510480e-01  4.53238933e-01  3.31695159e-01
   1.31284159e-01  1.14577965e-01 -3.51927654e-02  9.57801657e-02
   2.20732467e-01  2.23729233e-01  3.57014475e-02  8.62132233e-02
   1.42497201e-01  1.37196407e-02]
 [ 5.04394815e-02  1.96242481e-01 -7.52313520e-03  1.38909438e-01
   6.83802598e-02 -1.15246857e-01  4.18673014e-02 -1.28856825e-01
   2.21926564e-01  1.75579144e-01  1.22368086e-01  1.38920594e-01
  -5.56331449e-02 -2.38327657e-02]
 [ 1.82627026e-01 -1.28402719e-02  1.70387986e-01 -4.38950474e-02
  -6.40582835e-02 -2.35047757e-02  8.23278919e-02  2.46825944e-01
   4.89400974e-02  3.56178702e-03  2.09268710e-01 -2.82790533e-02
   3.58985143e-02  4.00088629e-02]
 [ 6.85920450e-03  1.72745412e-01  2.23758170e-02  2.11638191e-01
  -1.24604058e-01 -8.57598131e-02 -6.87321093e-02  1.90197541e-01
   4.82849433e-02  3.92603957e-01 -1.01489241e-06  1.05635187e-01
   4.37470781e-02 -2.86703393e-02]
 [ 2.08664398e-01  1.07468813e-01  3.07015849e-01  2.18805391e-01
   1.43722264e-01  2.48622169e-01  1.58534389e-01 -2.25427144e-02
   1.65090880e-01  1.30650675e-01  2.22374958e-01 -9.77249284e-02
   3.35410939e-02  2.31832952e-01]
 [ 8.03581166e-02  1.07890563e-01  1.88902596e-02  1.11188101e-01
   7.10198447e-02 -9.62346775e-02  2.59814512e-02  1.78483689e-01
   5.08838014e-02  8.67015404e-02  1.32125990e-03  2.02244338e-01
  -1.50812711e-03  2.10194154e-01]
 [ 4.42473668e-02  1.09561220e-01  8.54120016e-02  1.96209516e-02
   1.00547798e-01  7.16309241e-02  1.02071721e-01 -6.02463464e-02
  -7.07896022e-02  1.59507114e-01  4.84178103e-02  1.68317733e-01
   1.57295491e-01  1.20763318e-02]
 [ 3.10974343e-02  2.25206287e-02  1.98447872e-01  6.51753172e-02
   9.79396757e-02  2.77149439e-01  1.16858853e-01  1.72512863e-01
  -3.02988867e-02  1.67695387e-01 -4.76537454e-02  1.98342809e-01
  -2.83577415e-02  1.65397801e-01]
 [ 3.40396171e-02  1.84206109e-01  1.55310070e-01  1.85433597e-01
   2.67663926e-01  6.06500658e-02  3.26442067e-02  4.80342176e-02
  -1.25963828e-03  6.40198238e-02 -3.71241113e-02 -1.55105851e-01
   1.92859325e-01  1.38380677e-01]
 [ 2.02287742e-01  4.61303878e-02  1.93512621e-01  1.10697005e-01
   3.23033845e-01  1.40821235e-01  2.24957791e-01  1.17198894e-01
   5.42216670e-02  1.32795435e-01  6.70712412e-02  2.14798505e-01
   1.29629682e-01 -1.16470621e-01]
 [-8.10179643e-02  1.71461845e-01  1.55752515e-01  8.18664513e-02
   1.32008425e-01  3.06510350e-01  5.67467592e-03  2.20839576e-01
   1.68232517e-02  1.91188166e-01  1.67285476e-02  1.76504709e-01
   1.04969962e-01  1.83682643e-01]
 [ 9.39878130e-02  7.11876927e-02  1.47623200e-01  8.63118191e-02
  -1.29313639e-01  3.42406681e-01  1.13913639e-01 -8.03958345e-02
   3.59326143e-02 -7.58134361e-02  2.56052200e-01 -3.95398834e-02
  -6.41608544e-02  2.54155096e-01]
 [ 5.23122800e-02  2.02821802e-01  1.70920730e-02  6.00291155e-02
   5.04765215e-02  3.66127127e-01  1.00897035e-01  2.69435440e-01
   2.17967335e-01  2.85927730e-01  3.46437949e-02  1.38042576e-01
   4.35685055e-02  1.86782328e-01]
 [ 8.32011919e-02  2.70272010e-02  6.65376612e-02  7.20210790e-02
   2.27097062e-01  1.12259418e-01  2.18156136e-01  1.68627249e-01
   2.20885152e-01  4.11550728e-02  1.37784376e-01  8.36072000e-02
   6.71785575e-02  2.96100978e-01]
 [ 8.05287244e-02  2.17670325e-01 -3.68688580e-02  9.36338271e-02
   1.24690822e-01  1.78050691e-01  2.00977510e-01  3.37395490e-01
   1.18736990e-01  9.06202961e-02  4.78134752e-02  6.24475157e-02
  -5.25417460e-02  1.79867078e-01]
 [ 1.10666085e-01  4.11903007e-02  2.76303515e-01  3.83971813e-01
   1.88339425e-01  7.75696403e-02 -1.42258842e-01  3.48755602e-02
   8.73484194e-02  1.22009061e-01  6.81041124e-03 -5.65434376e-02
   1.51117913e-02 -1.18379300e-01]
 [ 2.02310297e-01  1.06229709e-01  2.36038968e-01  6.68579800e-02
   2.07223568e-01  1.95384685e-01 -8.67664547e-03  5.36135285e-02
   1.72845717e-01 -9.03279000e-02  3.19456719e-01  1.46411649e-01
   1.21314481e-01  1.49724082e-01]
 [-8.81353970e-02  2.14049467e-01 -3.98314735e-03  9.00924243e-02
   1.91370851e-02  1.06069266e-01 -1.63793125e-02 -1.75531913e-03
  -1.61733495e-01  1.54326015e-02  2.82905836e-01  9.00265679e-02
   2.46483650e-01  1.40430177e-01]
 [ 2.68490074e-01 -7.00447647e-03 -1.44126419e-01  1.04500933e-01
   1.87823576e-01 -6.90586126e-03  3.08883990e-01  1.05775487e-01
   5.05428198e-02  3.88247781e-02  1.96489686e-01 -1.24216818e-01
   1.94728041e-01  1.99057425e-01]]

 --- W2
[[-4.81288521e-03  1.26026721e-01  3.20000574e-02  2.47037368e-02
  -3.33189427e-02  1.19015067e-02  6.89211440e-02  1.31786504e-01
   7.16058658e-02  6.31783120e-02  3.26810939e-02  8.67028524e-02
   8.95508760e-02  7.34963457e-02  3.62286558e-02  1.57576341e-02
   1.14365749e-01  9.38067582e-02  3.30110389e-02 -4.75338616e-02
   1.41248269e-02]
 [ 2.56765476e-02  6.95262729e-02  7.63256482e-02  5.71240191e-05
   3.96832823e-02  3.69370763e-03  2.50493498e-02  8.85699551e-02
   1.35292323e-02  2.90507199e-02  6.22835675e-02  1.13919244e-01
   3.14052114e-02 -4.56520959e-02  5.54384988e-02  3.27311937e-02
   3.68574696e-02  3.29928924e-02 -2.50695315e-03  8.53317376e-02
  -2.25546229e-02]
 [ 4.91324344e-02  2.31784315e-02  2.28649409e-02  7.92750346e-02
   1.85055890e-02 -3.64295816e-03  6.05388465e-02  5.02099771e-02
   1.07618564e-01  1.27591221e-02  1.10484545e-01  9.30386546e-02
  -4.85661006e-02  9.54985273e-03  7.13749064e-02  9.67728174e-02
  -1.00741173e-02  2.43773172e-02  7.78196003e-02  8.17584037e-02
   1.10111629e-01]
 [ 4.03880605e-02  1.65355489e-02 -6.37574846e-03  4.57399440e-02
   7.38182903e-02  3.88435223e-02 -1.46468617e-02  6.81384548e-02
   2.60875996e-02  4.78583948e-02  7.37471203e-02  7.27047231e-02
   3.34912339e-02  1.25831799e-01 -7.75679839e-02  6.97012363e-02
   7.77560005e-02 -8.28925135e-02  6.26453986e-02  1.30354492e-02
   5.65880755e-02]
 [ 2.81080345e-03  1.04199059e-01  2.48551422e-02  3.72793447e-02
   7.94320187e-02  6.85243379e-03  1.04703651e-02  6.55388861e-03
   9.29592086e-02  7.55338676e-02  2.04663477e-03  1.11977800e-01
   9.32831698e-02  8.50963499e-02  4.20311161e-02  9.97560433e-02
  -1.18655035e-02  1.50485878e-01  1.28140908e-01  2.78496456e-02
   3.57021382e-02]]


