Melhor elemento da geração 1
--- W1
[[ 0.04914817 -0.14376161  0.07606573 -0.11082963  0.15414635  0.10750745
   0.00764733 -0.027772   -0.04174914 -0.07925648 -0.12510747 -0.07280524
  -0.08260959 -0.10059367]
 [-0.01705666 -0.08193455  0.03152908 -0.06751477  0.11744386  0.05839607
  -0.12136814 -0.13466585  0.14045179 -0.08666805  0.04285786 -0.02696154
   0.10461052  0.06931063]
 [ 0.07919425  0.07808639 -0.04219299  0.08500252 -0.16812257  0.08212867
   0.06376664  0.10059536  0.02799825  0.06632253 -0.11387455  0.16662419
  -0.06678118  0.09084994]
 [-0.02222492  0.03480621 -0.03641813 -0.02119284 -0.08694453  0.08130332
   0.13679008  0.06569814  0.08082748  0.12308962 -0.00215945 -0.05842803
  -0.04537245  0.10063929]
 [ 0.10813696 -0.06719779  0.08644332 -0.02095247  0.15284147  0.08398971
  -0.10021906 -0.02286663  0.1421595   0.00495475 -0.04351216  0.02366011
  -0.05218977 -0.06010472]
 [-0.12451125  0.00565625 -0.00912798 -0.11769032 -0.09355246  0.12755256
   0.04716292 -0.07746667  0.08164567 -0.09258463  0.0485232  -0.08056973
   0.0715317   0.02721592]
 [-0.10333981 -0.00739814  0.06374408 -0.03641464  0.062872    0.04306041
  -0.00110088  0.13923528  0.07106926 -0.02863223  0.03494374  0.09014271
   0.12354167 -0.10369586]
 [-0.08930916  0.10611464  0.08430737 -0.0236229  -0.07721994 -0.01368711
  -0.15366951  0.11185622  0.07485818 -0.06962726 -0.12381583 -0.00450713
  -0.16027242 -0.05754961]
 [ 0.0645815   0.04395875  0.0236398  -0.04950537  0.15447883 -0.00897383
   0.16063547 -0.13295555 -0.10254938  0.00447732 -0.05127498 -0.07591656
   0.01414765  0.04870258]
 [ 0.1504219  -0.03480659 -0.12562212 -0.12114011  0.07295779  0.18647994
  -0.09260897  0.08059574  0.13203327  0.08666855 -0.0913134   0.04429722
  -0.10235239  0.09893122]]

 --- W2
[[ 0.06799364  0.03595325 -0.11372582 -0.03258639  0.04555376  0.02285822
   0.12442594 -0.02453227  0.02123731 -0.10356554 -0.02034265]
 [ 0.09425997 -0.04712248  0.09244905 -0.02490938 -0.07190851  0.0873415
   0.04521905  0.00279125  0.03446677  0.07427709 -0.00716442]
 [ 0.0555056   0.02080981  0.04148499 -0.03902696 -0.07841056 -0.11255803
   0.0007135  -0.02535949  0.02525825  0.05794194  0.0552018 ]
 [ 0.11814202 -0.01687177 -0.00256204  0.01340908 -0.00438283  0.00273926
   0.05119084 -0.03845884  0.01589064 -0.05334381 -0.03103644]
 [-0.12510943 -0.08710212 -0.09675238 -0.00317016 -0.00303629 -0.00037017
   0.09059018  0.01545887  0.00976058  0.08655761 -0.02480118]
 [ 0.05974193  0.06103388  0.01845598 -0.12710274 -0.06736929  0.02126969
  -0.04515091  0.05503477  0.10317601  0.07100619  0.0071896 ]
 [ 0.10521315  0.01020593  0.00294878  0.0757731   0.01740774 -0.02248683
   0.12527052  0.04640651  0.07480397 -0.03936615 -0.006676  ]
 [-0.01834829 -0.0696877  -0.08635518  0.12902657  0.06568396  0.0365417
  -0.09504873 -0.04997327  0.12213351 -0.11516115  0.06898933]
 [-0.00792534  0.00123528  0.08367806 -0.00654491  0.01110135  0.00254488
   0.10172069 -0.00845068  0.03503723 -0.07746694  0.05867824]
 [ 0.1199947  -0.01142302  0.03630418 -0.02291408 -0.12793218  0.01308904
  -0.01514882 -0.11252478 -0.11862221 -0.06591907 -0.02716495]]

 --- W3
[[ 0.11288446  0.06350168 -0.05368089 -0.02614038  0.02280734 -0.04810285
   0.07345109  0.0529425  -0.02632073  0.03122452  0.06960299]
 [-0.06368455  0.10415541 -0.06902692 -0.11146201 -0.05580839 -0.01170384
  -0.00173932 -0.01516216  0.02796563 -0.05370975  0.01959276]
 [-0.06191081 -0.06583459 -0.02447465  0.02300195 -0.10643004  0.04629473
   0.09182837 -0.05943908  0.00406806  0.03985439  0.0778511 ]
 [ 0.0048253   0.0406755   0.04683216  0.04730742 -0.04963367  0.06443394
   0.04567671  0.03559131 -0.04562263  0.01505996  0.11043654]
 [-0.03508759 -0.04682175 -0.00847609  0.07259525  0.08294608 -0.07253732
  -0.05438506 -0.03933061 -0.01721379 -0.04984102 -0.08130644]]


Melhor elemento da geração 2
--- W1
[[-0.01157897 -0.16025991  0.04465398 -0.0786565   0.10733489 -0.09621959
  -0.14348897 -0.10793249 -0.05079625 -0.02696812 -0.06399425 -0.01289724
  -0.08542742 -0.16072856]
 [-0.04367803 -0.03447232 -0.00898053 -0.04893362  0.03271603 -0.04047898
  -0.16484976 -0.13089317  0.18055745 -0.11759697 -0.02064843 -0.17575736
   0.06484498  0.03330713]
 [-0.01943098  0.11987957  0.04172502  0.00567155 -0.08184169  0.00479993
  -0.07598834  0.13453786 -0.01160621  0.00899984 -0.09871606 -0.02437968
  -0.18953895 -0.04876367]
 [-0.20990818 -0.07681371 -0.17113058 -0.05063388 -0.11579659  0.07258968
  -0.06646149 -0.016925    0.12573783  0.04237774  0.03516587 -0.20263031
  -0.08721793  0.06535793]
 [ 0.11235034 -0.05675959 -0.02176052 -0.06317381  0.07228434  0.12125996
  -0.10724218 -0.02295584  0.14331983  0.02925207  0.08267405 -0.01562516
  -0.06523052 -0.073533  ]
 [-0.09327911  0.10302931 -0.07315385  0.00245165 -0.06516842  0.02243717
  -0.01660951 -0.07181871  0.0905553  -0.01887569  0.05691928 -0.15860757
  -0.01797799 -0.12276853]
 [-0.01793313  0.04095202  0.10645764 -0.11709288 -0.0693959   0.01494238
  -0.06260833  0.09833322 -0.05036825 -0.1384338   0.01714873 -0.02195273
   0.03865524 -0.12148071]
 [-0.0609394   0.07923416 -0.00589561 -0.07449878 -0.01367193 -0.10861664
  -0.22804533  0.06918129 -0.0273459  -0.12803741 -0.05705612  0.03461477
  -0.20411889 -0.10963332]
 [-0.12348777  0.09503948 -0.04575383 -0.06600422  0.03960456 -0.04757356
   0.1566522  -0.18010845 -0.10861145  0.04943353 -0.08135885 -0.18013646
   0.03285834 -0.0918083 ]
 [ 0.07246706 -0.1306315  -0.0300898  -0.24696813  0.0587342   0.07200476
  -0.09349735  0.03920675  0.02352551 -0.08998435 -0.00960264  0.00935033
  -0.1174361   0.01961462]]

 --- W2
[[ 0.07087685  0.04851614 -0.01225311 -0.08116377  0.0794973  -0.00763665
   0.12054287 -0.02988914 -0.00332754 -0.09591358  0.10875578]
 [ 0.00938067 -0.08419698 -0.00320867  0.009622   -0.04276945  0.08701904
   0.10331459 -0.06676406  0.02108609  0.16559156  0.03150152]
 [ 0.07875925  0.06891812  0.01690499  0.06203276 -0.1070983  -0.0423662
  -0.00175216 -0.0670842   0.03742902  0.08523614 -0.0136128 ]
 [ 0.17107122 -0.04985277 -0.047623    0.13895156 -0.00766777 -0.01587359
   0.07591788  0.01128301 -0.00728366 -0.11471133 -0.04791839]
 [-0.07538715 -0.00304293  0.04845527  0.09551025  0.03743252  0.09938988
   0.01923454 -0.01116395  0.04278155  0.08129871  0.09808855]
 [ 0.12972778  0.15291143  0.12150717  0.03887283 -0.08324588  0.02951367
   0.08882035  0.02729652  0.15953053  0.06450293  0.09152195]
 [ 0.01692682  0.0297693   0.03124346 -0.01354999  0.07034185 -0.04656002
   0.12125488 -0.05216152  0.12015004  0.04232923  0.09195494]
 [-0.05838166 -0.03824522  0.05220283  0.07888291  0.1677754   0.13696333
  -0.06116326 -0.06481929  0.14277776 -0.04794593  0.14611013]
 [ 0.03397152  0.01512362  0.15386253  0.07391322  0.04851445  0.10010229
   0.11791822  0.02330764  0.06071171 -0.09483075 -0.0432909 ]
 [ 0.08345363 -0.07466194 -0.03157473  0.03730493 -0.03623434  0.02021082
  -0.02713482 -0.01651991  0.00641191 -0.0055403  -0.03034024]]

 --- W3
[[-9.46512053e-05  1.01747266e-02 -5.51282200e-02  9.00218996e-02
   4.85693346e-02  8.44852011e-02  1.43671681e-01 -1.35362676e-02
   6.76227425e-03  9.14482966e-02  6.41865532e-02]
 [-4.49935724e-03  1.21718467e-01 -3.79445428e-02 -7.69937486e-02
  -1.86965901e-02  2.66736366e-02  2.24797964e-02 -2.98237992e-03
  -2.39853621e-02 -1.84188452e-02  1.62905521e-03]
 [-3.59339532e-02 -8.36162106e-02 -7.75307322e-02 -6.41536577e-02
   1.31026340e-02  2.02307379e-01  7.76207410e-02 -6.62572188e-02
   7.98229350e-02  1.26480772e-01  8.81569695e-02]
 [ 2.69016610e-02  3.37096888e-02  1.16220554e-01  2.22977648e-03
  -7.23089496e-02  6.37073931e-02  1.01594701e-01 -1.67696433e-02
  -4.76528383e-02  1.21340677e-01  1.67465744e-01]
 [-1.93005856e-02 -2.64227120e-03  1.30273307e-01  7.01226146e-02
   1.22998873e-01 -8.73137669e-03 -9.93548485e-03  6.95314846e-02
   1.03502900e-01 -1.88177873e-02 -2.94720219e-02]]


